# NodeIndex	Triplet	K-Node1	Node2-K	Intercept
1	0.015	0.006	0.008	0.011
2	0.045	0.003	0.019	0.000
3	0.016	0.088	0.033	0.031
4	0.025	0.050	0.041	0.015
5	0.065	0.102	0.044	0.065
6	0.071	0.179	0.037	0.036
7	0.123	0.270	0.061	0.062
8	0.092	0.235	0.035	0.135
9	0.064	0.205	0.345	0.038
10	0.179	0.291	0.137	0.057
11	0.015	0.046	0.174	0.006
12	0.000	0.000	0.373	0.000
13	0.000	0.000	0.000	0.000
14	0.000	0.000	0.323	0.000
15	0.071	0.569	0.055	0.056
16	0.000	0.094	0.000	0.000
17	0.000	0.000	0.000	0.000
18	0.000	0.820	0.000	0.000
19	0.000	0.029	0.000	0.000
20	0.185	0.140	0.150	0.058
21	0.148	0.237	0.273	0.177
22	0.192	0.100	0.234	0.061
23	0.054	0.110	0.241	0.010
24	0.103	0.248	0.270	0.033
25	0.030	0.159	0.170	0.028
26	0.062	0.293	0.160	0.004
27	0.068	0.152	0.015	0.037
28	0.056	0.036	0.043	0.036
29	0.211	0.084	0.173	0.032
30	0.002	0.016	0.020	0.000
31	0.019	0.052	0.033	0.033
32	0.049	0.030	0.032	0.035
33	0.034	0.032	0.053	0.002
34	0.092	0.242	0.159	0.145
35	0.325	0.298	0.044	0.140
36	0.166	0.180	0.030	0.104
37	0.020	0.043	0.241	0.073
38	0.147	0.188	0.219	0.252
39	0.000	0.016	0.042	0.001
40	0.000	0.001	0.073	0.000
41	0.000	0.001	0.002	0.000
42	0.000	0.000	0.003	0.000
43	0.000	0.001	0.000	0.000
44	0.000	0.000	0.000	0.000
45	0.000	0.000	0.000	0.000
46	0.000	0.004	0.000	0.000
47	0.000	0.000	0.001	0.000
48	0.000	0.004	0.000	0.000
49	0.000	0.000	0.032	0.000
50	0.000	0.000	0.033	0.000
51	0.000	0.001	0.001	0.000
52	0.000	0.002	0.000	0.000
53	0.000	0.000	0.000	0.000
54	0.000	0.002	0.002	0.000
