# NodeIndex	Triplet	K-Node1	Node2-K	Intercept
1	0.073	0.006	0.003	0.017
2	0.004	0.029	0.015	0.000
3	0.080	0.043	0.034	0.009
4	0.037	0.070	0.081	0.008
5	0.011	0.101	0.074	0.070
6	0.035	0.107	0.075	0.161
7	0.157	0.154	0.128	0.174
8	0.000	0.000	0.214	0.000
9	0.000	0.000	0.000	0.000
10	0.000	0.000	0.203	0.000
11	0.159	0.150	0.085	0.007
12	0.206	0.358	0.273	0.117
13	0.328	0.059	0.298	0.179
14	0.038	0.094	0.454	0.127
15	0.131	0.159	0.110	0.037
16	0.016	0.142	0.095	0.013
17	0.328	0.109	0.111	0.071
18	0.229	0.204	0.290	0.104
19	0.000	0.011	0.000	0.000
20	0.000	0.486	0.000	0.000
21	0.000	0.000	0.000	0.000
22	0.000	0.523	0.000	0.000
23	0.000	0.014	0.000	0.000
24	0.014	0.180	0.013	0.002
25	0.029	0.125	0.170	0.030
26	0.011	0.274	0.065	0.022
27	0.119	0.088	0.083	0.001
28	0.025	0.030	0.017	0.032
29	0.069	0.045	0.026	0.010
30	0.050	0.011	0.032	0.003
31	0.023	0.042	0.084	0.022
32	0.015	0.032	0.034	0.025
33	0.003	0.028	0.013	0.003
34	0.124	0.117	0.111	0.026
35	0.162	0.140	0.127	0.098
36	0.134	0.072	0.157	0.025
37	0.010	0.034	0.118	0.096
38	0.047	0.035	0.030	0.339
39	0.038	0.036	0.021	0.002
40	0.058	0.002	0.039	0.001
41	0.009	0.106	0.033	0.000
42	0.000	0.001	0.000	0.000
43	0.000	0.000	0.000	0.000
44	0.000	0.002	0.001	0.000
45	0.000	0.025	0.000	0.000
46	0.000	0.000	0.000	0.000
47	0.000	0.000	0.000	0.000
48	0.000	0.000	0.000	0.000
49	0.000	0.089	0.000	0.000
50	0.101	0.000	0.000	0.000
51	0.000	0.024	0.006	0.000
52	0.000	0.000	0.000	0.000
53	0.000	0.014	0.001	0.000
54	0.004	0.006	0.000	0.000
