# NodeIndex	Triplet	K-Node1	Node2-K	Intercept
1	0.082	0.200	0.075	0.326
2	0.000	0.000	0.167	0.000
3	0.000	0.000	0.000	0.000
4	0.000	0.000	0.571	0.000
5	0.000	0.000	0.288	0.000
6	0.000	0.022	0.005	0.000
7	0.187	0.641	0.221	0.068
8	0.000	0.045	0.052	0.000
9	0.000	0.091	0.084	0.002
10	0.000	0.022	0.084	0.000
11	0.077	0.151	0.049	0.000
12	0.000	0.027	0.048	0.076
13	0.002	0.024	0.000	0.000
14	0.000	0.048	0.000	0.000
15	0.000	0.477	0.000	0.172
16	0.005	0.000	0.084	0.037
17	0.000	0.023	0.000	0.000
18	0.000	0.020	0.000	0.000
19	0.001	0.049	0.000	0.053
20	0.000	0.000	0.000	0.000
21	0.000	0.000	0.000	0.032
22	0.000	0.000	0.000	0.000
23	0.002	0.520	0.005	0.003
24	0.008	0.049	0.000	0.000
25	0.143	0.117	0.000	0.000
26	0.225	0.000	0.002	0.003
27	0.000	0.007	0.004	0.002
28	0.014	0.003	0.000	0.002
29	0.002	0.001	0.005	0.002
30	0.000	0.122	0.000	0.000
31	0.000	0.006	0.006	0.000
32	0.002	0.068	0.000	0.000
33	0.005	0.087	0.000	0.002
34	0.000	0.025	0.079	0.002
35	0.014	0.026	0.000	0.059
36	0.014	0.024	0.000	0.061
37	0.046	0.117	0.096	0.044
38	0.055	0.400	0.000	0.018
39	0.000	0.000	0.016	0.006
40	0.000	0.000	0.016	0.001
41	0.000	0.131	0.000	0.001
42	0.000	0.000	0.366	0.001
43	0.000	0.000	0.057	0.001
44	0.048	0.001	0.000	0.000
45	0.000	0.000	0.000	0.041
46	0.000	0.002	0.100	0.005
47	0.000	0.002	0.100	0.002
48	0.000	0.049	0.353	0.004
49	0.105	0.119	0.053	0.160
50	0.270	0.000	0.006	0.031
51	0.000	0.000	0.000	0.000
52	0.000	0.000	0.000	0.000
53	0.000	0.107	0.000	0.000
54	0.000	0.070	0.000	0.000
