# NodeIndex	Triplet	K-Node1	Node2-K	Intercept
1	0.000	0.000	0.000	0.000
2	0.000	0.000	0.000	0.000
3	0.000	0.000	0.000	0.000
4	0.000	0.000	0.000	0.000
5	0.000	0.000	0.000	0.058
6	0.000	0.001	0.000	0.002
7	0.000	0.001	0.000	0.000
8	0.000	0.001	0.000	0.000
9	0.000	0.001	0.000	0.000
10	0.000	0.002	0.000	0.027
11	0.000	0.001	0.001	0.003
12	0.000	0.000	0.000	0.056
13	0.000	0.000	0.000	0.000
14	0.000	0.002	0.000	0.000
15	0.000	0.000	0.000	0.004
16	0.000	0.000	0.000	0.000
17	0.000	0.000	0.000	0.000
18	0.000	0.000	0.000	0.002
19	0.000	0.000	0.000	0.000
20	0.000	0.000	0.000	0.067
21	0.000	0.001	0.000	0.000
22	0.000	0.000	0.000	0.017
23	0.000	0.850	0.000	0.001
24	0.000	0.850	0.000	0.058
25	0.000	0.001	0.000	0.004
26	0.148	0.002	0.000	0.438
27	0.000	0.148	0.000	0.018
28	0.000	0.000	0.000	0.003
29	0.000	0.934	0.000	0.043
30	0.000	0.000	0.000	0.000
31	0.850	0.000	0.000	0.000
32	0.850	0.000	0.000	0.000
33	0.000	0.850	0.000	0.032
34	0.000	0.001	0.000	0.034
35	0.000	0.000	0.850	0.000
36	0.000	0.000	0.000	0.000
37	0.000	0.000	0.000	0.000
38	0.000	0.000	0.000	0.000
39	0.001	0.000	0.000	0.003
40	0.000	0.000	0.000	0.000
41	0.000	0.000	0.003	0.000
42	0.000	0.002	0.000	0.000
43	0.000	0.000	0.000	0.000
44	0.000	0.000	0.000	0.000
45	0.001	0.000	0.000	0.022
46	0.000	0.000	0.147	0.003
47	0.997	0.000	0.001	0.000
48	0.000	0.001	0.000	0.002
49	0.000	0.000	0.000	0.000
50	0.000	0.000	0.001	0.000
51	0.000	0.000	0.000	0.000
52	0.000	0.000	0.145	0.105
53	0.000	0.071	0.000	0.003
54	0.063	0.000	0.048	0.078
